# pointing model interpolation data
# Generated on: 16-Jun-2023
# format:       [M_JHA,  M_JDec,  offsetHA,  offsetDec]
PointingData : [
         [   9.000000,  -27.000000,   -0.273944,   -0.273944],
         [  27.000000,  -27.000000,   -0.328796,   -0.328796],
         [ -27.000000,  -27.000000,   -0.177181,   -0.177181],
         [  -9.000000,  -27.000000,   -0.236442,   -0.236442],
         [   9.000000,   -9.000000,   -0.242697,   -0.242697],
         [  27.000000,   -9.000000,   -0.274287,   -0.274287],
         [  45.000000,   -9.000000,   -0.310648,   -0.310648],
         [ -45.000000,   -9.000000,   -0.144573,   -0.144573],
         [ -27.000000,   -9.000000,   -0.177998,   -0.177998],
         [  -9.000000,   -9.000000,   -0.209553,   -0.209553],
         [   9.000000,    9.000000,   -0.187327,   -0.187327],
         [  27.000000,    9.000000,   -0.209113,   -0.209113],
         [  45.000000,    9.000000,   -0.235460,   -0.235460],
         [  63.000000,    9.000000,   -0.337100,   -0.337100],
         [ -63.000000,    9.000000,   -0.175651,   -0.175651],
         [ -45.000000,    9.000000,   -0.135863,   -0.135863],
         [ -27.000000,    9.000000,   -0.150823,   -0.150823],
         [  -9.000000,    9.000000,   -0.167950,   -0.167950],
         [   9.000000,   27.000000,   -0.116848,   -0.116848],
         [  27.000000,   27.000000,   -0.129809,   -0.129809],
         [  45.000000,   27.000000,   -0.149891,   -0.149891],
         [  63.000000,   27.000000,   -0.183985,   -0.183985],
         [ -63.000000,   27.000000,   -0.104577,   -0.104577],
         [ -45.000000,   27.000000,   -0.105504,   -0.105504],
         [ -27.000000,   27.000000,   -0.105239,   -0.105239],
         [  -9.000000,   27.000000,   -0.108621,   -0.108621],
         [  10.588235,   45.000000,   -0.042044,   -0.042044],
         [  31.764706,   45.000000,   -0.050866,   -0.050866],
         [  52.941176,   45.000000,   -0.073311,   -0.073311],
         [  74.117647,   45.000000,   -0.115612,   -0.115612],
         [ -74.117647,   45.000000,   -0.078498,   -0.078498],
         [ -52.941176,   45.000000,   -0.065634,   -0.065634],
         [ -31.764706,   45.000000,   -0.052529,   -0.052529],
         [ -10.588235,   45.000000,   -0.042267,   -0.042267],
         [  15.000000,   63.000000,    0.030099,    0.030099],
         [  45.000000,   63.000000,    0.016181,    0.016181],
         [  75.000000,   63.000000,   -0.031122,   -0.031122],
         [ -75.000000,   63.000000,   -0.037954,   -0.037954],
         [ -45.000000,   63.000000,   -0.007460,   -0.007460],
         [ -15.000000,   63.000000,    0.019134,    0.019134],
         [  25.714286,   81.000000,    0.076137,    0.076137],
         [  77.142857,   81.000000,    0.039768,    0.039768],
         [ -77.142857,   81.000000,   -0.179769,   -0.179769],
         [ -25.714286,   81.000000,    0.060476,    0.060476],
         [-135.000000,   90.000000,    0.000000,    0.000000],
         [ -90.000000,   90.000000,    0.000000,    0.000000],
         [ -45.000000,   90.000000,    0.000000,    0.000000],
         [   0.000000,   90.000000,    0.000000,    0.000000],
         [  45.000000,   90.000000,    0.000000,    0.000000],
         [  90.000000,   90.000000,    0.000000,    0.000000],
         [ 135.000000,   90.000000,    0.000000,    0.000000],
     ]
